20
0 7 12 170 1 419 16 414 19 498 19 1 7 314 12 79
1 14 17 357 4 162 0 135 19 95 5 445 20 60 13 250 6 242 18 21 18 369 14 446 5 57 12 449 14 56
2 19 5 293 1 257 7 382 19 96 4 185 15 349 12 226 14 443 7 452 19 212 18 89 0 299 15 413 9 56 5 139 5 343 7 96 8 390 0 497
3 19 10 210 14 24 16 197 7 218 4 73 17 150 0 430 19 54 17 363 10 466 14 68 18 76 8 337 17 446 4 133 7 130 19 361 15 333 16 264
4 15 5 330 15 147 0 476 17 187 19 476 20 5 20 23 8 441 17 81 19 66 9 308 5 332 8 144 2 76 9 120
5 17 3 221 10 391 16 384 19 226 2 306 1 389 19 494 13 342 3 482 14 193 11 265 2 410 9 145 19 324 14 485 1 212 3 32
6 1 17 403
7 17 14 40 2 89 17 185 19 257 20 31 1 408 20 289 15 495 15 261 8 399 14 332 16 211 20 89 14 332 9 127 0 247 13 40
8 3 19 398 10 328 4 146
9 16 1 471 5 22 20 496 0 50 19 386 1 206 8 427 18 225 16 323 13 48 5 126 14 175 4 395 3 54 10 442 15 14
10 0
11 10 3 448 4 235 19 474 0 192 0 311 9 87 18 125 5 261 3 457 4 87
12 7 2 104 14 69 17 314 1 371 20 156 18 260 7 135
13 15 15 380 8 470 2 262 16 122 18 273 16 80 17 130 6 395 20 44 6 132 3 320 20 129 0 208 1 374 1 420
14 13 15 116 1 298 17 75 19 296 0 348 10 365 12 406 3 436 6 225 17 395 13 161 16 444 16 135
15 6 13 19 7 292 17 341 6 156 4 474 19 47
16 12 14 495 15 232 17 275 10 88 6 361 1 330 19 62 11 92 8 385 5 235 6 385 20 202
17 18 8 160 11 483 18 414 0 491 19 178 9 142 1 77 12 433 9 80 4 183 9 465 12 160 6 450 11 274 2 448 14 78 15 474 8 75
18 0
19 6 0 339 8 345 18 239 14 353 11 455 7 316
