邻接表：
0	to 12(79) ,to 1(419) ,to 16(414) ,to 19(1) ,to 7(314) ,
1	to 17(357) ,to 4(162) ,to 0(135) ,to 19(95) ,to 5(57) ,to 13(250) ,to 6(242) ,to 18(369) ,to 14(56) ,to 12(449) ,
2	to 5(343) ,to 1(257) ,to 7(96) ,to 19(212) ,to 4(185) ,to 15(413) ,to 12(226) ,to 14(443) ,to 18(89) ,to 0(497) ,to 9(56) ,to 8(390) ,
3	to 10(466) ,to 14(68) ,to 16(264) ,to 7(130) ,to 4(133) ,to 17(446) ,to 0(430) ,to 19(361) ,to 18(76) ,to 8(337) ,to 15(333) ,
4	to 5(332) ,to 15(147) ,to 0(476) ,to 17(81) ,to 19(66) ,to 8(144) ,to 9(120) ,to 2(76) ,
5	to 3(32) ,to 10(391) ,to 16(384) ,to 19(324) ,to 2(410) ,to 1(212) ,to 13(342) ,to 14(485) ,to 11(265) ,to 9(145) ,
6	to 17(403) ,
7	to 14(332) ,to 2(89) ,to 17(185) ,to 19(257) ,to 1(408) ,to 15(261) ,to 8(399) ,to 16(211) ,to 9(127) ,to 0(247) ,to 13(40) ,
8	to 19(398) ,to 10(328) ,to 4(146) ,
9	to 1(206) ,to 5(126) ,to 0(50) ,to 19(386) ,to 8(427) ,to 18(225) ,to 16(323) ,to 13(48) ,to 14(175) ,to 4(395) ,to 3(54) ,to 10(442) ,to 15(14) ,
10	
11	to 3(457) ,to 4(87) ,to 19(474) ,to 0(311) ,to 9(87) ,to 18(125) ,to 5(261) ,
12	to 2(104) ,to 14(69) ,to 17(314) ,to 1(371) ,to 18(260) ,to 7(135) ,
13	to 15(380) ,to 8(470) ,to 2(262) ,to 16(80) ,to 18(273) ,to 17(130) ,to 6(132) ,to 3(320) ,to 0(208) ,to 1(420) ,
14	to 15(116) ,to 1(298) ,to 17(395) ,to 19(296) ,to 0(348) ,to 10(365) ,to 12(406) ,to 3(436) ,to 6(225) ,to 13(161) ,to 16(135) ,
15	to 13(19) ,to 7(292) ,to 17(341) ,to 6(156) ,to 4(474) ,to 19(47) ,
16	to 14(495) ,to 15(232) ,to 17(275) ,to 10(88) ,to 6(385) ,to 1(330) ,to 19(62) ,to 11(92) ,to 8(385) ,to 5(235) ,
17	to 8(75) ,to 11(274) ,to 18(414) ,to 0(491) ,to 19(178) ,to 9(465) ,to 1(77) ,to 12(160) ,to 4(183) ,to 6(450) ,to 2(448) ,to 14(78) ,to 15(474) ,
18	
19	to 0(339) ,to 8(345) ,to 18(239) ,to 14(353) ,to 11(455) ,to 7(316) ,
原始关系矩阵:

0    1    0    0    0    0    0    1    0    0    0    0    1    0    0    0    1    0    0    1    
1    0    0    0    1    1    1    0    0    0    0    0    1    1    1    0    0    1    1    1    
1    1    0    0    1    1    0    1    1    1    0    0    1    0    1    1    0    0    1    1    
1    0    0    0    1    0    0    1    1    0    1    0    0    0    1    1    1    1    1    1    
1    0    1    0    0    1    0    0    1    1    0    0    0    0    0    1    0    1    0    1    
0    1    1    1    0    0    0    0    0    1    1    1    0    1    1    0    1    0    0    1    
0    0    0    0    0    0    0    0    0    0    0    0    0    0    0    0    0    1    0    0    
1    1    1    0    0    0    0    0    1    1    0    0    0    1    1    1    1    1    0    1    
0    0    0    0    1    0    0    0    0    0    1    0    0    0    0    0    0    0    0    1    
1    1    0    1    1    1    0    0    1    0    1    0    0    1    1    1    1    0    1    1    
0    0    0    0    0    0    0    0    0    0    0    0    0    0    0    0    0    0    0    0    
1    0    0    1    1    1    0    0    0    1    0    0    0    0    0    0    0    0    1    1    
0    1    1    0    0    0    0    1    0    0    0    0    0    0    1    0    0    1    1    0    
1    1    1    1    0    0    1    0    1    0    0    0    0    0    0    1    1    1    1    0    
1    1    0    1    0    0    1    0    0    0    1    0    1    1    0    1    1    1    0    1    
0    0    0    0    1    0    1    1    0    0    0    0    0    1    0    0    0    1    0    1    
0    1    0    0    0    1    1    0    1    0    1    1    0    0    1    1    0    1    0    1    
1    1    1    0    1    0    1    0    1    1    0    1    1    0    1    1    0    0    1    1    
0    0    0    0    0    0    0    0    0    0    0    0    0    0    0    0    0    0    0    0    
1    0    0    0    0    0    0    1    1    0    0    1    0    0    1    0    0    0    1    0    
