
矩阵传递闭包如下：

1    1    1    1    1    1    1    1    1    1    1    1    1    1    1    1    1    1    1    1    
1    1    1    1    1    1    1    1    1    1    1    1    1    1    1    1    1    1    1    1    
1    1    1    1    1    1    1    1    1    1    1    1    1    1    1    1    1    1    1    1    
1    1    1    1    1    1    1    1    1    1    1    1    1    1    1    1    1    1    1    1    
1    1    1    1    1    1    1    1    1    1    1    1    1    1    1    1    1    1    1    1    
1    1    1    1    1    1    1    1    1    1    1    1    1    1    1    1    1    1    1    1    
1    1    1    1    1    1    1    1    1    1    1    1    1    1    1    1    1    1    1    1    
1    1    1    1    1    1    1    1    1    1    1    1    1    1    1    1    1    1    1    1    
1    1    1    1    1    1    1    1    1    1    1    1    1    1    1    1    1    1    1    1    
1    1    1    1    1    1    1    1    1    1    1    1    1    1    1    1    1    1    1    1    
0    0    0    0    0    0    0    0    0    0    0    0    0    0    0    0    0    0    0    0    
1    1    1    1    1    1    1    1    1    1    1    1    1    1    1    1    1    1    1    1    
1    1    1    1    1    1    1    1    1    1    1    1    1    1    1    1    1    1    1    1    
1    1    1    1    1    1    1    1    1    1    1    1    1    1    1    1    1    1    1    1    
1    1    1    1    1    1    1    1    1    1    1    1    1    1    1    1    1    1    1    1    
1    1    1    1    1    1    1    1    1    1    1    1    1    1    1    1    1    1    1    1    
1    1    1    1    1    1    1    1    1    1    1    1    1    1    1    1    1    1    1    1    
1    1    1    1    1    1    1    1    1    1    1    1    1    1    1    1    1    1    1    1    
0    0    0    0    0    0    0    0    0    0    0    0    0    0    0    0    0    0    0    0    
1    1    1    1    1    1    1    1    1    1    1    1    1    1    1    1    1    1    1    1    
